,a,b,r,A
365.0,0.537029078568345,0.36652064659059913,0.13768126723336604,0.46297092143165497
454.0,1048.1403693229015,6.894679604770862e-06,0.04459509402407235,-1047.1403693229015
507.0,0.6623428897475042,0.3741222945368853,0.07682964133777097,0.3376571102524958
529.0,0.792227758694335,0.7623281256577296,0.053125637685336166,0.20777224130566496
563.0,0.7702448582977455,1.3012791746432375,0.1256204158956579,0.22975514170225453
578.0,0.7815336697112181,0.6764047871918619,0.09411355678015458,0.21846633028878193
585.0,0.8783694161403045,1.567988716392459,0.0793406393279406,0.1216305838596955
645.0,0.8052776832206268,0.5105618745542115,0.0404326299131049,0.19472231677937324
741.0,0.870044386400973,0.8035981085733653,0.026518916096568403,0.12995561359902696
820.0,0.7248382820198761,0.3903771546529879,0.008220835175196202,0.2751617179801239
1005.0,0.9167371236397693,2.550721124202891,-0.02030764958009708,0.08326287636023066
