,a,b,r,A
356.0,0.416672032731911,0.5509981049033392,0.2887958734139957,0.583327967268089
420.0,0.537251763150613,0.5118888874810292,0.22020678605395153,0.46274823684938704
463.0,0.7044948374295713,0.6667875416260746,0.1653259219537343,0.2955051625704287
512.0,0.7269330195298928,0.6856207645035244,0.14272388493548543,0.27306698047010725
576.0,0.5762796783609966,0.3877350604060985,0.1445573442800764,0.4237203216390034
633.0,0.613057306923269,0.39855334498600964,0.12226438389784405,0.386942693076731
688.0,0.5457136331722804,0.28373194484216274,0.11229310435007728,0.4542863668277196
820.0,0.49161075152103734,0.22934889036301606,0.09755969616665958,0.5083892484789627
949.0,0.29047309197968235,0.14743309005690242,0.10389978731024609,0.7095269080203177
1084.0,0.177350770963351,0.15290020906123336,0.11807107910611986,0.8226492290366489
1112.0,0.22451044441425802,0.14039446926124,0.0987902355790108,0.775489555585742
1220.0,0.3731208020693414,0.1250581343937754,0.064515962890856,0.6268791979306586
