	growth_rate	lag	yield
365	0.14528900011509394	7.666666666666667	0.23266666666666672
454	0.11004658284456514	6.75	0.18533333333333338
507	0.11213685319121763	10.25	0.2586666666666666
529	0.10049352462963129	4.333333333333333	0.11299999999999996
563	0.2094917288766345	2.1666666666666665	0.0993333333333333
578	0.20514039167587836	3.75	0.167
585	0.15608266705225743	5.0	0.24266666666666667
645	0.09731523854489574	3.3333333333333335	0.11533333333333337
741	0.12215248064113364	2.1666666666666665	0.08600000000000005
820	0.023159428273027617	17.416666666666668	0.029666666666666647
1005	0.07774089066658534	1.8333333333333333	0.06733333333333338
1201	0.1386265731601549	1.1666666666666667	0.09633333333333335
