,a,b,r,A
366.0,0.6166762506680811,1.6861866783076398,0.6161177484961653,0.38332374933191893
454.0,0.6861958592673956,1.9701830072700612,0.44651320542535494,0.31380414073260443
490.0,0.6533496452050336,1.536564766669391,0.4088419293709623,0.3466503547949664
603.0,0.33458297322044417,0.97848986942292,0.54037853811797,0.6654170267795558
623.0,0.5722595280416399,1.1869286570212811,0.42106661540525253,0.42774047195836007
687.0,0.46316732789248044,0.9416898522031645,0.42158387101284295,0.5368326721075196
749.0,0.6014842460171131,0.9414030102820489,0.2708960938785817,0.39851575398288686
900.0,0.6341768115651145,0.8571264061193141,0.2197070524182488,0.3658231884348855
970.0,0.780770735949377,0.9909259234343426,0.12430817350438715,0.21922926405062304
1036.0,0.7649123336565062,0.7447221606734337,0.10744676125897293,0.23508766634349376
1167.0,0.6791455495330403,0.44137932111371375,0.10978290150812983,0.3208544504669597
1227.0,0.6518550066968168,0.2603737411983182,0.07872769382398853,0.34814499330318316
