,a,b,r,A
388.0,0.5234171760817936,1.2236014189699955,0.5394829985282984,0.4765828239182064
426.0,0.5706137347046656,1.4360886939781603,0.49374981806549445,0.4293862652953344
526.0,0.6848411171862891,1.735681555627766,0.39674681562625086,0.31515888281371085
540.0,0.3673810302973607,0.8031289517162691,0.5573792435046052,0.6326189697026393
562.0,0.4671348587370736,1.1140662381610837,0.5260556580643346,0.5328651412629264
577.0,0.527801196542767,1.1070978992498677,0.4681279072292559,0.472198803457233
609.0,0.6583067288889284,1.455391002614721,0.387864605005597,0.3416932711110716
768.0,0.5377517048042989,0.7285566941945448,0.34002498198514475,0.4622482951957011
844.0,0.5265577423476698,0.8831218819423127,0.3363575360941433,0.47344225765233017
891.0,0.8466980557635913,1.545746960804913,0.20624365594686384,0.15330194423640875
921.0,0.5317000438161632,1.0317143864262739,0.36580753277731903,0.4682999561838368
1025.0,0.726729712791379,1.4951851126593878,0.26613873034126817,0.273270287208621
