,a,b,r
377,0.09264946323536437,0.46765111825656913,0.42736392839376575
425,0.10955896670728252,0.43838481680715674,0.3971510635912306
499,0.10452318644573287,0.40988873438923096,0.36716050763680913
546,0.11516724730327217,0.38015515656392085,0.3372500906787904
606,0.17751293500412046,0.30313380763484815,0.24820284586520425
619,0.12007963808566632,0.357675013842506,0.31632770111339403
723,0.1553940155024997,0.30687781271068293,0.260785011896636
860,0.10780845497538033,0.25739624884613693,0.23211383687653828
867,0.14707402219120408,0.2744187545505898,0.2368295759572041
892,0.09734832645923523,0.27892267308908664,0.2514501975432752
1023,0.1698112178469757,0.2591596512718686,0.2111220355817217
1031,0.12501340628430888,0.2539143174668768,0.21575849436311018
