,a,b,r,A
377.0,0.45502456843462374,0.8294442697076294,0.455871820853155,0.5449754315653763
425.0,0.5063688815845192,0.8381572253864038,0.44362992826160624,0.4936311184154808
499.0,0.596711202210431,1.1094202278853222,0.3646971530079974,0.40328879778956905
546.0,0.6222601691553996,1.0624829968250784,0.340070650142344,0.3777398308446004
606.0,0.7742824503826717,2.147608451248085,0.2485471098224613,0.22571754961732826
619.0,0.5978763544456401,0.9452389771990768,0.33542963553988814,0.40212364555435987
723.0,0.6684859416035246,1.1233451316972722,0.28695499116094664,0.3315140583964754
860.0,0.972763978956128,13.463094840566914,0.13250120106190064,0.027236021043872016
867.0,0.7246951076680129,1.2260815340739109,0.2430377075083235,0.27530489233198707
892.0,0.5982711391490632,0.8059319168368546,0.2453692235263087,0.40172886085093684
1023.0,0.6738282612387329,1.0395216884465024,0.22269928058078195,0.32617173876126715
1031.0,0.5734452837465789,0.7706236608531696,0.2158780381027139,0.4265547162534211
