	growth_rate	lag	yield
366	0.7265816559272535	1.8333333333333333	2.00251256281407
454	0.5904070176586593	1.9166666666666667	1.7103825136612023
490	0.5967530577750181	2.0833333333333335	1.631578947368421
603	0.4973017733080332	2.5	1.5594594594594593
623	0.5018453123254162	2.25	1.6066481994459836
687	0.3814213210545786	2.75	1.6508379888268154
749	0.34889545988659765	2.75	1.4
900	0.22889712857536548	3.4166666666666665	1.4237288135593222
970	0.20301981376053235	4.25	1.3852459016393444
1036	0.16178858673966143	4.75	1.3213296398891967
1167	0.13950292172869602	5.416666666666667	1.3109243697478992
1227	0.07884409711189971	7.166666666666667	1.2620320855614973
