,a,b,r,A
366.0,0.12431478233839595,0.7989942488280801,0.6730579182814581,0.875685217661604
454.0,0.10585082588971108,0.7466466409137757,0.6471228377602413,0.8941491741102889
490.0,0.2056608912817485,0.6875924160450951,0.5163888378852352,0.7943391087182515
603.0,0.17948395199426495,0.6681020866000222,0.5326599532247774,0.8205160480057351
623.0,0.18132294670545027,0.6795489887572181,0.5377085612448275,0.8186770532945498
687.0,0.24226132617384483,0.6515402720589119,0.4563792199822372,0.7577386738261551
749.0,0.18155336348417553,0.5998579648586844,0.4652284302360148,0.8184466365158245
900.0,0.3114567943593048,0.5695499407534397,0.36134541364545397,0.6885432056406953
970.0,0.26445648197958366,0.633113003227531,0.4153557645254904,0.7355435180204164
1036.0,0.33419004620332504,0.5718529512872574,0.3289217411173577,0.665809953796675
1167.0,0.15490620739478494,0.6047209056064226,0.4744004477856131,0.8450937926052151
1227.0,0.2673507939528081,0.5979902494041763,0.3791731026577011,0.7326492060471919
