,a,b,r,A
464.0,0.41453438631245126,0.2870945361254877,0.12234709208257406,0.5854656136875487
489.0,0.554411484509453,0.4168776492070507,0.10897216888760121,0.445588515490547
541.0,0.4158618957490014,0.20859832436230386,0.09016667596890914,0.5841381042509985
615.0,0.5599483738252407,0.26709072039334625,0.08049634606044921,0.44005162617475935
659.0,0.5068811791045273,0.19834698029052003,0.06952755824188073,0.49311882089547265
678.0,0.5355997062933696,0.29092351293685653,0.09928072026108062,0.4644002937066304
752.0,0.5574581516718762,0.24390455656659762,0.07629071785843565,0.4425418483281238
843.0,0.7980141719715178,0.21343119562137047,0.025348675120064747,0.2019858280284822
889.0,0.8467553500644013,0.32690242473507264,0.03723593684048349,0.15324464993559872
890.0,0.8771962042179936,0.3527134476652862,0.028460108629490236,0.1228037957820064
1037.0,0.9314042764808605,0.8876382476386537,0.01421171515556182,0.06859572351913945
1112.0,0.7907689266060237,0.039904850739737215,0.004437542386868758,0.20923107339397629
