,a,b,r,A
366.0,0.36755494558878693,1.4676418742069723,0.7945445073522308,0.632445054411213
454.0,0.4813714567820693,1.5125307955966885,0.6302596370478314,0.5186285432179307
490.0,0.3716031287526387,1.3385639027745193,0.7043199614654555,0.6283968712473613
603.0,0.46247489387593416,1.3434447235963023,0.560924548790432,0.5375251061240658
623.0,0.4750667609812639,1.406483683070699,0.576020497811887,0.5249332390187361
687.0,0.47688115839969075,1.3087877869307212,0.5331314640261305,0.5231188416003092
749.0,0.33865965364467965,1.0426021465276651,0.6021134795476227,0.6613403463553204
900.0,0.5087585923892988,1.163419410765521,0.43557971056482475,0.49124140761070123
970.0,0.45527928486862446,1.0193516289788798,0.4489428711872824,0.5447207151313755
1036.0,0.4333781339250402,1.0406808291459764,0.46243302881615034,0.5666218660749598
1167.0,0.36053436785777265,0.946817985115748,0.5130179357968748,0.6394656321422274
1227.0,0.43852191019882814,0.979278000032029,0.43767551738518384,0.5614780898011719
